17
zapis017.txt
REJESTRATOR v1.0
by BOGON


Data       Godzina      Szerokosc Dlugosc    Wysokosc SATS Przyspiezenie   Pochylenie
                        (deg)     (deg)      (m)           X, Y, Z               Przechylenie
------------------------------------------------------------------------------------------------
25/05/2017 20:41:04 	51.099273 23.452716  184.70   4    0.01,0.11,0.98  4.81  -5.90
25/05/2017 20:41:04 	51.099273 23.452716  184.70   4    0.00,0.11,0.98  4.79  -5.89
25/05/2017 20:41:05 	51.099288 23.452743  184.70   4    0.01,0.11,0.99  4.82  -5.86
25/05/2017 20:41:05 	51.099288 23.452743  184.70   4    0.00,0.11,0.99  4.74  -5.86
25/05/2017 20:41:05 	51.099288 23.452743  184.70   4    0.01,0.11,0.99  4.79  -5.86
25/05/2017 20:41:06 	51.099296 23.452764  191.80   4    0.01,0.11,0.99  4.91  -5.93
25/05/2017 20:41:06 	51.099296 23.452764  191.80   4    0.01,0.11,0.99  4.88  -5.93
25/05/2017 20:41:06 	51.099296 23.452764  191.80   4    0.01,0.11,0.99  4.87  -5.98
25/05/2017 20:41:07 	51.099300 23.452772  192.80   4    0.01,0.12,0.98  4.91  -6.10
25/05/2017 20:41:07 	51.099300 23.452772  192.80   4    0.00,0.12,0.98  4.81  -6.11
25/05/2017 20:41:07 	51.099300 23.452772  192.80   4    0.01,0.11,0.98  4.94  -6.01
25/05/2017 20:41:08 	51.099304 23.452781  192.80   4    0.01,0.11,0.98  4.87  -6.01
25/05/2017 20:41:08 	51.099304 23.452781  192.80   4    0.01,0.12,0.98  4.83  -6.05
25/05/2017 20:41:09 	51.099315 23.452804  192.80   4    0.01,0.11,0.99  4.84  -6.04
25/05/2017 20:41:09 	51.099315 23.452804  197.50   4    0.00,0.11,0.99  4.79  -5.96
25/05/2017 20:41:09 	51.099315 23.452804  197.50   4    0.01,0.11,0.99  4.79  -5.87
25/05/2017 20:41:10 	51.099330 23.452829  201.70   4    0.00,0.11,0.99  4.79  -5.88
25/05/2017 20:41:10 	51.099330 23.452829  201.70   4    0.01,0.11,0.99  4.85  -5.92
25/05/2017 20:41:10 	51.099330 23.452829  201.70   4    0.01,0.11,0.98  4.82  -5.94
25/05/2017 20:41:11 	51.099338 23.452844  201.70   4    0.01,0.11,0.99  4.83  -5.92
25/05/2017 20:41:11 	51.099338 23.452844  201.70   4    0.00,0.11,0.98  4.73  -5.89
25/05/2017 20:41:12 	51.099342 23.452857  201.70   4    0.00,0.11,0.98  4.71  -5.97
25/05/2017 20:41:12 	51.099342 23.452857  205.80   4    0.01,0.11,0.98  4.78  -5.96
25/05/2017 20:41:12 	51.099342 23.452857  205.80   4    0.01,0.11,0.98  4.82  -5.83
25/05/2017 20:41:13 	51.099346 23.452867  206.80   4    0.00,0.12,0.99  4.80  -5.96
25/05/2017 20:41:13 	51.099346 23.452867  206.80   4    0.00,0.11,0.99  4.73  -5.86
25/05/2017 20:41:13 	51.099346 23.452867  206.80   4    0.01,0.11,0.99  4.82  -5.82
25/05/2017 20:41:14 	51.099342 23.452867  206.80   4    0.01,0.11,0.99  4.83  -5.83
25/05/2017 20:41:14 	51.099342 23.452867  206.80   4    0.00,0.11,0.98  4.79  -5.87
25/05/2017 20:41:15 	51.099353 23.452880  206.80   4    0.00,0.11,0.98  4.77  -5.93
25/05/2017 20:41:15 	51.099353 23.452880  208.20   4    0.01,0.11,0.99  4.79  -5.99
25/05/2017 20:41:15 	51.099353 23.452880  208.20   4    0.00,0.11,0.99  4.67  -6.02
25/05/2017 20:41:16 	51.099201 23.452646  171.50   3    0.01,0.11,0.99  4.76  -5.88
25/05/2017 20:41:16 	51.099201 23.452646  171.50   3    0.01,0.12,0.98  4.85  -6.04
25/05/2017 20:41:16 	51.099201 23.452646  171.50   3    0.00,0.11,0.99  4.76  -6.00
25/05/2017 20:41:17 	51.099166 23.452600  171.50   3    0.00,0.11,0.99  4.71  -5.88
25/05/2017 20:41:17 	51.099166 23.452600  171.50   3    0.01,0.11,0.99  4.76  -5.91
25/05/2017 20:41:18 	51.099147 23.452568  171.50   3    0.00,0.12,0.98  4.77  -6.04
25/05/2017 20:41:18 	51.099147 23.452568  150.70   3    0.00,0.11,0.98  4.74  -5.95
25/05/2017 20:41:18 	51.099147 23.452568  150.70   3    0.01,0.11,0.98  4.79  -5.97
25/05/2017 20:41:19 	51.099136 23.452547  148.40   3    0.00,0.11,0.98  4.79  -5.92
25/05/2017 20:41:19 	51.099136 23.452547  148.40   3    0.01,0.11,0.98  4.85  -6.00
25/05/2017 20:41:19 	51.099136 23.452547  148.40   3    0.01,0.11,0.98  4.86  -5.93
25/05/2017 20:41:20 	51.099117 23.452541  148.40   3    0.00,0.11,0.98  4.82  -5.98
25/05/2017 20:41:20 	51.099117 23.452541  148.40   3    0.01,0.11,0.98  4.92  -6.01
25/05/2017 20:41:21 	51.099109 23.452524  148.40   3    0.00,0.11,0.98  4.78  -5.93
25/05/2017 20:41:21 	51.099109 23.452524  145.90   3    0.00,0.11,0.98  4.73  -6.01
25/05/2017 20:41:21 	51.099109 23.452524  145.90   3    0.00,0.11,0.98  4.73  -5.98
25/05/2017 20:41:22 	51.099094 23.452527  143.90   3    0.01,0.11,0.98  4.81  -5.95
25/05/2017 20:41:22 	51.099094 23.452527  143.90   3    0.00,0.12,0.98  4.78  -6.04
25/05/2017 20:41:22 	51.099094 23.452527  143.90   3    0.01,0.11,0.99  4.85  -5.98
25/05/2017 20:41:23 	51.099090 23.452514  143.90   3    0.00,0.11,0.98  4.79  -5.91
25/05/2017 20:41:23 	51.099090 23.452514  143.90   3    0.01,0.11,0.99  4.89  -5.94
25/05/2017 20:41:24 	51.099079 23.452529  143.90   3    0.00,0.11,0.99  4.80  -5.96
25/05/2017 20:41:24 	51.099079 23.452529  142.10   3    0.00,0.12,0.99  4.78  -6.01
25/05/2017 20:41:24 	51.099079 23.452529  142.10   3    0.01,0.11,0.98  4.80  -5.93
25/05/2017 20:41:25 	51.099079 23.452503  140.20   3    0.01,0.12,0.98  4.86  -6.07
25/05/2017 20:41:25 	51.099079 23.452503  140.20   3    0.01,0.11,0.98  4.89  -6.05
25/05/2017 20:41:25 	51.099079 23.452503  140.20   3    0.01,0.11,0.98  4.93  -6.00
25/05/2017 20:41:26 	51.099063 23.452543  140.20   3    0.01,0.11,0.99  4.94  -5.98
25/05/2017 20:41:26 	51.099063 23.452543  140.20   3    0.01,0.11,0.99  4.87  -5.85
25/05/2017 20:41:27 	51.099067 23.452514  140.20   3    0.00,0.11,0.98  4.83  -5.86
25/05/2017 20:41:27 	51.099067 23.452514  139.50   3    0.01,0.11,0.99  4.81  -5.93
25/05/2017 20:41:27 	51.099067 23.452514  139.50   3    0.01,0.12,0.98  4.94  -6.02
25/05/2017 20:41:28 	51.099056 23.452539  139.50   3    0.01,0.11,0.98  4.90  -6.05
25/05/2017 20:41:28 	51.099056 23.452539  139.50   3    0.01,0.11,0.98  4.90  -5.97
25/05/2017 20:41:28 	51.099056 23.452539  139.50   3    0.00,0.12,0.99  4.83  -6.06
25/05/2017 20:41:29 	51.099033 23.452587  139.50   3    0.00,0.11,0.98  4.78  -5.94
25/05/2017 20:41:29 	51.099033 23.452587  139.50   3    0.01,0.11,0.98  4.81  -5.97
25/05/2017 20:41:30 	51.099018 23.452617  139.50   3    0.01,0.11,0.99  4.85  -5.97
25/05/2017 20:41:30 	51.099018 23.452617  138.50   3    0.01,0.11,0.98  4.85  -5.96
25/05/2017 20:41:30 	51.099018 23.452617  138.50   3    0.01,0.11,0.99  4.85  -5.97
25/05/2017 20:41:31 	51.099040 23.452560  141.50   4    0.01,0.11,0.98  4.94  -5.96
25/05/2017 20:41:31 	51.099040 23.452560  141.50   4    0.00,0.12,0.98  4.84  -6.07
25/05/2017 20:41:31 	51.099040 23.452560  141.50   4    0.01,0.11,0.98  4.97  -6.04
25/05/2017 20:41:32 	51.099037 23.452568  141.50   4    0.01,0.11,0.99  4.92  -6.00
25/05/2017 20:41:32 	51.099037 23.452568  141.50   4    0.01,0.11,0.98  4.98  -6.00
25/05/2017 20:41:33 	51.099033 23.452587  141.50   4    0.01,0.11,0.99  4.99  -5.95
25/05/2017 20:41:33 	51.099033 23.452587  141.10   4    0.00,0.11,0.99  4.82  -5.84
25/05/2017 20:41:33 	51.099033 23.452587  141.10   4    0.01,0.11,0.99  4.91  -5.90
25/05/2017 20:41:34 	51.099029 23.452594  141.20   4    0.01,0.11,0.99  4.92  -5.96
25/05/2017 20:41:34 	51.099029 23.452594  141.20   4    0.00,0.11,0.97  4.83  -5.97
25/05/2017 20:41:34 	51.099029 23.452594  141.20   4    0.00,0.11,0.99  4.70  -6.00
25/05/2017 20:41:35 	51.099025 23.452611  141.20   4    0.01,0.11,0.98  4.77  -5.99
25/05/2017 20:41:35 	51.099025 23.452611  141.20   4    0.01,0.11,0.98  4.79  -5.94
25/05/2017 20:41:36 	51.099018 23.452623  141.20   4    0.01,0.11,0.98  4.79  -5.94
25/05/2017 20:41:36 	51.099018 23.452623  140.90   4    0.00,0.11,0.98  4.77  -5.95
25/05/2017 20:41:36 	51.099018 23.452623  140.90   4    0.01,0.11,0.98  4.79  -5.94
25/05/2017 20:41:37 	51.099014 23.452638  140.70   4    0.01,0.11,0.99  4.86  -5.89
25/05/2017 20:41:37 	51.099014 23.452638  140.70   4    0.01,0.11,0.98  4.83  -5.80
25/05/2017 20:41:37 	51.099014 23.452638  140.70   4    0.01,0.12,0.99  4.84  -5.94
25/05/2017 20:41:38 	51.099014 23.452648  140.70   4    0.00,0.11,0.98  4.76  -5.90
25/05/2017 20:41:38 	51.099014 23.452648  140.70   4    0.00,0.11,0.99  4.73  -5.93
25/05/2017 20:41:39 	51.099018 23.452648  140.70   4    0.00,0.11,0.99  4.64  -5.95
25/05/2017 20:41:39 	51.099018 23.452648  140.30   4    0.00,0.11,0.99  4.69  -5.98
25/05/2017 20:41:39 	51.099018 23.452648  140.30   4    0.01,0.11,0.98  4.77  -6.03
25/05/2017 20:41:40 	51.099025 23.452646  140.40   4    0.01,0.11,0.98  4.84  -6.05
25/05/2017 20:41:40 	51.099025 23.452646  140.40   4    0.01,0.12,0.98  4.83  -6.07
25/05/2017 20:41:40 	51.099025 23.452646  140.40   4    0.00,0.11,0.98  4.71  -6.05
25/05/2017 20:41:41 	51.099029 23.452644  140.40   4    0.01,0.12,0.99  4.86  -6.09
25/05/2017 20:41:41 	51.099029 23.452644  140.40   4    0.00,0.11,0.99  4.76  -5.97
25/05/2017 20:41:42 	51.099033 23.452644  140.40   4    0.01,0.11,0.99  4.85  -6.01
25/05/2017 20:41:42 	51.099033 23.452644  141.60   4    0.00,0.11,0.99  4.77  -5.94
25/05/2017 20:41:42 	51.099033 23.452644  141.60   4    0.00,0.11,0.98  4.76  -5.99
25/05/2017 20:41:43 	51.099033 23.452640  141.80   4    0.01,0.11,0.99  4.87  -5.85
25/05/2017 20:41:43 	51.099033 23.452640  141.80   4    0.01,0.11,0.98  4.83  -5.89
25/05/2017 20:41:43 	51.099033 23.452640  141.80   4    0.01,0.11,0.99  4.85  -5.95
25/05/2017 20:41:44 	51.099040 23.452636  141.80   4    0.00,0.11,0.98  4.74  -5.92
25/05/2017 20:41:44 	51.099040 23.452636  141.80   4    -0.00,0.11,0.99  4.61  -5.85
25/05/2017 20:41:45 	51.099040 23.452627  141.80   4    0.01,0.11,0.98  4.74  -5.76
25/05/2017 20:41:45 	51.099040 23.452627  142.90   4    0.00,0.12,0.98  4.73  -5.93
25/05/2017 20:41:45 	51.099040 23.452627  142.90   4    0.01,0.11,0.98  4.77  -5.79
25/05/2017 20:41:46 	51.099044 23.452634  143.70   4    0.00,0.12,0.98  4.67  -5.99
25/05/2017 20:41:46 	51.099044 23.452634  143.70   4    0.01,0.11,0.98  4.78  -5.92
25/05/2017 20:41:46 	51.099044 23.452634  143.70   4    0.01,0.11,0.99  4.81  -5.86
25/05/2017 20:41:47 	51.099056 23.452627  143.70   4    0.01,0.11,0.98  4.81  -5.87
